L0= [2.0, 2.0, 2.0, 2.0, 2.0, 2.0, 2.0, 2.0, 2.6989700043360187, 2.6989700043360187, 2.6989700043360187, 2.6989700043360187, 2.6989700043360187, 2.6989700043360187, 2.6989700043360187, 2.6989700043360187, 3.0, 3.0, 3.0, 3.0, 3.0, 3.0, 3.0, 3.0, 3.6989700043360187, 3.6989700043360187, 3.6989700043360187, 3.6989700043360187, 3.6989700043360187, 3.6989700043360187, 3.6989700043360187, 3.6989700043360187, 4.0, 4.0, 4.0, 4.0, 4.0, 4.0, 4.0, 4.0, 4.6989700043360187, 4.6989700043360187, 4.6989700043360187, 4.6989700043360187, 4.6989700043360187, 4.6989700043360187, 4.6989700043360187, 4.6989700043360187, 5.0, 5.0, 5.0, 5.0, 5.0, 5.0, 5.0, 5.0]
pip_binding= [4.0, 4.6989700043360187, 5.0, 5.6989700043360187, 6.0, 6.6989700043360187, 7.0, 7.6989700043360187, 4.0, 4.6989700043360187, 5.0, 5.6989700043360187, 6.0, 6.6989700043360187, 7.0, 7.6989700043360187, 4.0, 4.6989700043360187, 5.0, 5.6989700043360187, 6.0, 6.6989700043360187, 7.0, 7.6989700043360187, 4.0, 4.6989700043360187, 5.0, 5.6989700043360187, 6.0, 6.6989700043360187, 7.0, 7.6989700043360187, 4.0, 4.6989700043360187, 5.0, 5.6989700043360187, 6.0, 6.6989700043360187, 7.0, 7.6989700043360187, 4.0, 4.6989700043360187, 5.0, 5.6989700043360187, 6.0, 6.6989700043360187, 7.0, 7.6989700043360187, 4.0, 4.6989700043360187, 5.0, 5.6989700043360187, 6.0, 6.6989700043360187, 7.0, 7.6989700043360187]
gag_lattice= [0.0, 0.0, 0.0, 0.0, 0.0, 0.0, 0.0, 0.0, 0.0, 0.0, 0.0, 0.0, 0.0, 0.0, 0.0, 0.0, 0.0, 6.0, 9.0, 14.0, 16.0, 18.0, 18.0, 18.0, 10.0, 16.0, 17.0, 18.0, 18.0, 18.0, 18.0, 19.0, 13.0, 18.0, 18.0, 18.0, 18.0, 18.0, 19.0, 19.0, 17.0, 18.0, 18.0, 18.0, 18.0, 19.0, 19.0, 19.0, 17.0, 18.0, 19.0, 18.0, 19.0, 19.0, 18.0, 18.0]
56
