L0= [1.0, 1.0, 1.0, 1.0, 1.0, 1.0, 1.0, 1.0, 1.0, 1.0, 1.6989700043360187, 1.6989700043360187, 1.6989700043360187, 1.6989700043360187, 1.6989700043360187, 1.6989700043360187, 1.6989700043360187, 1.6989700043360187, 1.6989700043360187, 1.6989700043360187, 2.0, 2.0, 2.0, 2.0, 2.0, 2.0, 2.0, 2.0, 2.0, 2.0, 2.6989700043360187, 2.6989700043360187, 2.6989700043360187, 2.6989700043360187, 2.6989700043360187, 2.6989700043360187, 2.6989700043360187, 2.6989700043360187, 2.6989700043360187, 2.6989700043360187, 3.0, 3.0, 3.0, 3.0, 3.0, 3.0, 3.0, 3.0, 3.0, 3.0, 3.6989700043360187, 3.6989700043360187, 3.6989700043360187, 3.6989700043360187, 3.6989700043360187, 3.6989700043360187, 3.6989700043360187, 3.6989700043360187, 3.6989700043360187, 3.6989700043360187, 4.0, 4.0, 4.0, 4.0, 4.0, 4.0, 4.0, 4.0, 4.0, 4.0, 4.6989700043360187, 4.6989700043360187, 4.6989700043360187, 4.6989700043360187, 4.6989700043360187, 4.6989700043360187, 4.6989700043360187, 4.6989700043360187, 4.6989700043360187, 4.6989700043360187, 5.0, 5.0, 5.0, 5.0, 5.0, 5.0, 5.0, 5.0, 5.0, 5.0, 5.6989700043360187, 5.6989700043360187, 5.6989700043360187, 5.6989700043360187, 5.6989700043360187, 5.6989700043360187, 5.6989700043360187, 5.6989700043360187, 5.6989700043360187, 5.6989700043360187]
pip_binding= [2.0, 2.6989700043360187, 3.0, 3.6989700043360187, 4.0, 4.6989700043360187, 5.0, 5.6989700043360187, 6.0, 6.6989700043360187, 2.0, 2.6989700043360187, 3.0, 3.6989700043360187, 4.0, 4.6989700043360187, 5.0, 5.6989700043360187, 6.0, 6.6989700043360187, 2.0, 2.6989700043360187, 3.0, 3.6989700043360187, 4.0, 4.6989700043360187, 5.0, 5.6989700043360187, 6.0, 6.6989700043360187, 2.0, 2.6989700043360187, 3.0, 3.6989700043360187, 4.0, 4.6989700043360187, 5.0, 5.6989700043360187, 6.0, 6.6989700043360187, 2.0, 2.6989700043360187, 3.0, 3.6989700043360187, 4.0, 4.6989700043360187, 5.0, 5.6989700043360187, 6.0, 6.6989700043360187, 2.0, 2.6989700043360187, 3.0, 3.6989700043360187, 4.0, 4.6989700043360187, 5.0, 5.6989700043360187, 6.0, 6.6989700043360187, 2.0, 2.6989700043360187, 3.0, 3.6989700043360187, 4.0, 4.6989700043360187, 5.0, 5.6989700043360187, 6.0, 6.6989700043360187, 2.0, 2.6989700043360187, 3.0, 3.6989700043360187, 4.0, 4.6989700043360187, 5.0, 5.6989700043360187, 6.0, 6.6989700043360187, 2.0, 2.6989700043360187, 3.0, 3.6989700043360187, 4.0, 4.6989700043360187, 5.0, 5.6989700043360187, 6.0, 6.6989700043360187, 2.0, 2.6989700043360187, 3.0, 3.6989700043360187, 4.0, 4.6989700043360187, 5.0, 5.6989700043360187, 6.0, 6.6989700043360187]
gag_lattice= [0.0, 0.0, 0.0, 0.0, 0.0, 0.0, 0.0, 0.0, 0.0, 0.0, 0.0, 0.0, 0.0, 0.0, 0.0, 0.0, 0.0, 0.0, 0.0, 0.0, 0.0, 0.0, 0.0, 0.0, 0.0, 0.0, 0.0, 0.0, 0.0, 0.0, 0.0, 0.0, 0.0, 0.0, 0.0, 0.0, 0.0, 0.0, 0.0, 0.0, 0.0, 0.0, 0.0, 0.0, 0.0, 1.0, 2.0, 4.0, 5.0, 5.0, 0.0, 0.0, 0.0, 0.0, 5.0, 17.0, 22.0, 25.0, 26.0, 26.0, 0.0, 0.0, 0.0, 6.0, 12.0, 27.0, 30.0, 34.0, 34.0, 35.0, 0.0, 1.0, 6.0, 24.0, 36.0, 58.0, 69.0, 85.0, 88.0, 91.0, 0.0, 5.0, 13.0, 35.0, 48.0, 72.0, 81.0, 89.0, 96.0, 93.0, 4.0, 25.0, 37.0, 66.0, 73.0, 88.0, 94.0, 96.0, 98.0, 95.0]
100
