poly= [1.0, 1.0, 1.0, 1.0, 1.0, 1.0, 1.0, 1.0, 1.0, 1.0, 1.6989700043360187, 1.6989700043360187, 1.6989700043360187, 1.6989700043360187, 1.6989700043360187, 1.6989700043360187, 1.6989700043360187, 1.6989700043360187, 1.6989700043360187, 1.6989700043360187, 2.0, 2.0, 2.0, 2.0, 2.0, 2.0, 2.0, 2.0, 2.0, 2.0, 2.6989700043360187, 2.6989700043360187, 2.6989700043360187, 2.6989700043360187, 2.6989700043360187, 2.6989700043360187, 2.6989700043360187, 2.6989700043360187, 2.6989700043360187, 2.6989700043360187, 3.0, 3.0, 3.0, 3.0, 3.0, 3.0, 3.0, 3.0, 3.0, 3.0, 3.6989700043360187, 3.6989700043360187, 3.6989700043360187, 3.6989700043360187, 3.6989700043360187, 3.6989700043360187, 3.6989700043360187, 3.6989700043360187, 3.6989700043360187, 3.6989700043360187, 4.0, 4.0, 4.0, 4.0, 4.0, 4.0, 4.0, 4.0, 4.0, 4.0, 4.6989700043360187, 4.6989700043360187, 4.6989700043360187, 4.6989700043360187, 4.6989700043360187, 4.6989700043360187, 4.6989700043360187, 4.6989700043360187, 4.6989700043360187, 4.6989700043360187, 5.0, 5.0, 5.0, 5.0, 5.0, 5.0, 5.0, 5.0, 5.0, 5.0, 5.6989700043360187, 5.6989700043360187, 5.6989700043360187, 5.6989700043360187, 5.6989700043360187, 5.6989700043360187, 5.6989700043360187, 5.6989700043360187, 5.6989700043360187, 5.6989700043360187]
dimer= [2.0, 2.6989700043360187, 3.0, 3.6989700043360187, 4.0, 4.6989700043360187, 5.0, 5.6989700043360187, 6.0, 6.6989700043360187, 2.0, 2.6989700043360187, 3.0, 3.6989700043360187, 4.0, 4.6989700043360187, 5.0, 5.6989700043360187, 6.0, 6.6989700043360187, 2.0, 2.6989700043360187, 3.0, 3.6989700043360187, 4.0, 4.6989700043360187, 5.0, 5.6989700043360187, 6.0, 6.6989700043360187, 2.0, 2.6989700043360187, 3.0, 3.6989700043360187, 4.0, 4.6989700043360187, 5.0, 5.6989700043360187, 6.0, 6.6989700043360187, 2.0, 2.6989700043360187, 3.0, 3.6989700043360187, 4.0, 4.6989700043360187, 5.0, 5.6989700043360187, 6.0, 6.6989700043360187, 2.0, 2.6989700043360187, 3.0, 3.6989700043360187, 4.0, 4.6989700043360187, 5.0, 5.6989700043360187, 6.0, 6.6989700043360187, 2.0, 2.6989700043360187, 3.0, 3.6989700043360187, 4.0, 4.6989700043360187, 5.0, 5.6989700043360187, 6.0, 6.6989700043360187, 2.0, 2.6989700043360187, 3.0, 3.6989700043360187, 4.0, 4.6989700043360187, 5.0, 5.6989700043360187, 6.0, 6.6989700043360187, 2.0, 2.6989700043360187, 3.0, 3.6989700043360187, 4.0, 4.6989700043360187, 5.0, 5.6989700043360187, 6.0, 6.6989700043360187, 2.0, 2.6989700043360187, 3.0, 3.6989700043360187, 4.0, 4.6989700043360187, 5.0, 5.6989700043360187, 6.0, 6.6989700043360187]
lattice= [0.0, 0.0, 0.0, 0.0, 0.0, 0.0, 0.0, 0.0, 0.0, 0.0, 0.0, 0.0, 0.0, 0.0, 0.0, 0.0, 0.0, 0.0, 0.0, 0.0, 0.0, 0.0, 0.0, 0.0, 0.0, 0.0, 0.0, 0.0, 0.0, 0.0, 0.0, 0.0, 0.0, 0.0, 0.0, 0.0, 0.0, 0.0, 2.0, 0.0, 0.0, 0.0, 0.0, 5.0, 10.0, 12.0, 13.0, 13.0, 14.0, 13.0, 0.0, 12.0, 14.0, 16.0, 17.0, 17.0, 17.0, 18.0, 18.0, 18.0, 1.0, 14.0, 16.0, 17.0, 18.0, 18.0, 18.0, 19.0, 18.0, 18.0, 15.0, 16.0, 17.0, 18.0, 19.0, 19.0, 19.0, 19.0, 19.0, 19.0, 17.0, 18.0, 18.0, 19.0, 19.0, 19.0, 19.0, 19.0, 19.0, 19.0, 18.0, 18.0, 18.0, 19.0, 19.0, 19.0, 20.0, 20.0, 19.0, 20.0]
100
