poly= [1.0, 1.0, 1.0, 1.0, 1.0, 1.0, 1.0, 1.0, 1.0, 1.0, 1.6989700043360187, 1.6989700043360187, 1.6989700043360187, 1.6989700043360187, 1.6989700043360187, 1.6989700043360187, 1.6989700043360187, 1.6989700043360187, 1.6989700043360187, 1.6989700043360187, 2.0, 2.0, 2.0, 2.0, 2.0, 2.0, 2.0, 2.0, 2.0, 2.0, 2.6989700043360187, 2.6989700043360187, 2.6989700043360187, 2.6989700043360187, 2.6989700043360187, 2.6989700043360187, 2.6989700043360187, 2.6989700043360187, 2.6989700043360187, 2.6989700043360187, 3.0, 3.0, 3.0, 3.0, 3.0, 3.0, 3.0, 3.0, 3.0, 3.0, 3.6989700043360187, 3.6989700043360187, 3.6989700043360187, 3.6989700043360187, 3.6989700043360187, 3.6989700043360187, 3.6989700043360187, 3.6989700043360187, 3.6989700043360187, 3.6989700043360187, 4.0, 4.0, 4.0, 4.0, 4.0, 4.0, 4.0, 4.0, 4.0, 4.0, 4.6989700043360187, 4.6989700043360187, 4.6989700043360187, 4.6989700043360187, 4.6989700043360187, 4.6989700043360187, 4.6989700043360187, 4.6989700043360187, 4.6989700043360187, 4.6989700043360187, 5.0, 5.0, 5.0, 5.0, 5.0, 5.0, 5.0, 5.0, 5.0, 5.0, 5.6989700043360187, 5.6989700043360187, 5.6989700043360187, 5.6989700043360187, 5.6989700043360187, 5.6989700043360187, 5.6989700043360187, 5.6989700043360187, 5.6989700043360187, 5.6989700043360187]
dimer= [2.0, 2.6989700043360187, 3.0, 3.6989700043360187, 4.0, 4.6989700043360187, 5.0, 5.6989700043360187, 6.0, 6.6989700043360187, 2.0, 2.6989700043360187, 3.0, 3.6989700043360187, 4.0, 4.6989700043360187, 5.0, 5.6989700043360187, 6.0, 6.6989700043360187, 2.0, 2.6989700043360187, 3.0, 3.6989700043360187, 4.0, 4.6989700043360187, 5.0, 5.6989700043360187, 6.0, 6.6989700043360187, 2.0, 2.6989700043360187, 3.0, 3.6989700043360187, 4.0, 4.6989700043360187, 5.0, 5.6989700043360187, 6.0, 6.6989700043360187, 2.0, 2.6989700043360187, 3.0, 3.6989700043360187, 4.0, 4.6989700043360187, 5.0, 5.6989700043360187, 6.0, 6.6989700043360187, 2.0, 2.6989700043360187, 3.0, 3.6989700043360187, 4.0, 4.6989700043360187, 5.0, 5.6989700043360187, 6.0, 6.6989700043360187, 2.0, 2.6989700043360187, 3.0, 3.6989700043360187, 4.0, 4.6989700043360187, 5.0, 5.6989700043360187, 6.0, 6.6989700043360187, 2.0, 2.6989700043360187, 3.0, 3.6989700043360187, 4.0, 4.6989700043360187, 5.0, 5.6989700043360187, 6.0, 6.6989700043360187, 2.0, 2.6989700043360187, 3.0, 3.6989700043360187, 4.0, 4.6989700043360187, 5.0, 5.6989700043360187, 6.0, 6.6989700043360187, 2.0, 2.6989700043360187, 3.0, 3.6989700043360187, 4.0, 4.6989700043360187, 5.0, 5.6989700043360187, 6.0, 6.6989700043360187]
gag_lattice= [0.0, 0.0, 0.0, 0.0, 0.0, 0.0, 0.0, 0.0, 0.0, 0.0, 0.0, 0.0, 0.0, 0.0, 0.0, 0.0, 0.0, 0.0, 0.0, 0.0, 0.0, 0.0, 0.0, 0.0, 0.0, 0.0, 0.0, 0.0, 0.0, 0.0, 0.0, 0.0, 0.0, 0.0, 0.0, 0.0, 0.0, 0.0, 0.0, 0.0, 0.0, 0.0, 0.0, 0.0, 0.0, 0.0, 0.0, 0.0, 0.0, 0.0, 0.0, 0.0, 0.0, 0.0, 0.0, 1.0, 3.0, 9.0, 8.0, 13.0, 0.0, 0.0, 0.0, 0.0, 4.0, 24.0, 28.0, 31.0, 33.0, 33.0, 0.0, 1.0, 5.0, 30.0, 34.0, 38.0, 40.0, 47.0, 49.0, 55.0, 3.0, 10.0, 19.0, 35.0, 38.0, 45.0, 49.0, 62.0, 69.0, 79.0, 37.0, 41.0, 43.0, 51.0, 55.0, 76.0, 94.0, 159.0, 190.0, 253.0]
100
