poly= [1.0, 1.0, 1.0, 1.0, 1.0, 1.0, 1.0, 1.0, 1.0, 1.0, 1.6989700043360187, 1.6989700043360187, 1.6989700043360187, 1.6989700043360187, 1.6989700043360187, 1.6989700043360187, 1.6989700043360187, 1.6989700043360187, 1.6989700043360187, 1.6989700043360187, 2.0, 2.0, 2.0, 2.0, 2.0, 2.0, 2.0, 2.0, 2.0, 2.0, 2.6989700043360187, 2.6989700043360187, 2.6989700043360187, 2.6989700043360187, 2.6989700043360187, 2.6989700043360187, 2.6989700043360187, 2.6989700043360187, 2.6989700043360187, 2.6989700043360187, 3.0, 3.0, 3.0, 3.0, 3.0, 3.0, 3.0, 3.0, 3.0, 3.0, 3.6989700043360187, 3.6989700043360187, 3.6989700043360187, 3.6989700043360187, 3.6989700043360187, 3.6989700043360187, 3.6989700043360187, 3.6989700043360187, 3.6989700043360187, 3.6989700043360187, 4.0, 4.0, 4.0, 4.0, 4.0, 4.0, 4.0, 4.0, 4.0, 4.0, 4.6989700043360187, 4.6989700043360187, 4.6989700043360187, 4.6989700043360187, 4.6989700043360187, 4.6989700043360187, 4.6989700043360187, 4.6989700043360187, 4.6989700043360187, 4.6989700043360187, 5.0, 5.0, 5.0, 5.0, 5.0, 5.0, 5.0, 5.0, 5.0, 5.0, 5.6989700043360187, 5.6989700043360187, 5.6989700043360187, 5.6989700043360187, 5.6989700043360187, 5.6989700043360187, 5.6989700043360187, 5.6989700043360187, 5.6989700043360187, 5.6989700043360187]
dimer= [2.0, 2.6989700043360187, 3.0, 3.6989700043360187, 4.0, 4.6989700043360187, 5.0, 5.6989700043360187, 6.0, 6.6989700043360187, 2.0, 2.6989700043360187, 3.0, 3.6989700043360187, 4.0, 4.6989700043360187, 5.0, 5.6989700043360187, 6.0, 6.6989700043360187, 2.0, 2.6989700043360187, 3.0, 3.6989700043360187, 4.0, 4.6989700043360187, 5.0, 5.6989700043360187, 6.0, 6.6989700043360187, 2.0, 2.6989700043360187, 3.0, 3.6989700043360187, 4.0, 4.6989700043360187, 5.0, 5.6989700043360187, 6.0, 6.6989700043360187, 2.0, 2.6989700043360187, 3.0, 3.6989700043360187, 4.0, 4.6989700043360187, 5.0, 5.6989700043360187, 6.0, 6.6989700043360187, 2.0, 2.6989700043360187, 3.0, 3.6989700043360187, 4.0, 4.6989700043360187, 5.0, 5.6989700043360187, 6.0, 6.6989700043360187, 2.0, 2.6989700043360187, 3.0, 3.6989700043360187, 4.0, 4.6989700043360187, 5.0, 5.6989700043360187, 6.0, 6.6989700043360187, 2.0, 2.6989700043360187, 3.0, 3.6989700043360187, 4.0, 4.6989700043360187, 5.0, 5.6989700043360187, 6.0, 6.6989700043360187, 2.0, 2.6989700043360187, 3.0, 3.6989700043360187, 4.0, 4.6989700043360187, 5.0, 5.6989700043360187, 6.0, 6.6989700043360187, 2.0, 2.6989700043360187, 3.0, 3.6989700043360187, 4.0, 4.6989700043360187, 5.0, 5.6989700043360187, 6.0, 6.6989700043360187]
lattice= [0.0, 0.0, 0.0, 0.0, 0.0, 0.0, 0.0, 0.0, 0.0, 0.0, 0.0, 0.0, 0.0, 0.0, 0.0, 0.0, 0.0, 0.0, 0.0, 0.0, 0.0, 0.0, 0.0, 0.0, 0.0, 0.0, 0.0, 0.0, 0.0, 0.0, 0.0, 0.0, 0.0, 0.0, 0.0, 0.0, 0.0, 0.0, 0.0, 0.0, 0.0, 0.0, 0.0, 0.0, 0.0, 0.0, 0.0, 0.0, 0.0, 0.0, 0.0, 0.0, 0.0, 0.0, 0.0, 1.0, 2.0, 8.0, 12.0, 11.0, 0.0, 0.0, 0.0, 0.0, 1.0, 24.0, 27.0, 31.0, 33.0, 33.0, 0.0, 2.0, 4.0, 29.0, 34.0, 38.0, 40.0, 46.0, 50.0, 54.0, 5.0, 12.0, 19.0, 34.0, 36.0, 43.0, 46.0, 60.0, 65.0, 74.0, 37.0, 41.0, 42.0, 50.0, 53.0, 72.0, 84.0, 137.0, 161.0, 182.0]
100
